y : [116.53944706916809,117.39590048789978,112.93854641914368 ]
x : [1,2,4]
